Impulsni odziv IIR filtra:
0.0000,
0.0000,
0.0000,
0.0000,
0.0000,
1.0000,
0.0000,
-0.1600,
0.0000,
0.2717,
0.0000,
-0.2243,
0.0000,
-0.2398,
0.0000,
-0.2274,
0.0000,
-0.1610,
0.0000,
-0.0047,
0.0000,
0.0927,
0.0000,
0.1531,
0.0000,
0.1398,
0.0000,
0.0779,
0.0000,
-0.0000,
0.0000,
-0.0642,
0.0000,
-0.0918,
0.0000,
-0.0804,
0.0000,
-0.0414,
0.0000,
0.0055,
0.0000,
0.0415,
0.0000,
0.0553,
0.0000,
0.0460,
0.0000,
0.0215,
0.0000,
-0.0064,
0.0000,
-0.0265,
0.0000,
-0.0330,
0.0000,
-0.0261,
0.0000,
-0.0108,
0.0000,
0.0056,
0.0000,
0.0168,
0.0000,
0.0196,
0.0000,
0.0147,
0.0000,
0.0053,
0.0000,
-0.0043,
0.0000,
-0.0105,
0.0000,
-0.0116,
0.0000,
-0.0082,
0.0000,
-0.0024,
0.0000,
0.0032,
0.0000,
0.0065,
0.0000,
0.0068,
0.0000,
0.0045,
0.0000,
0.0010,
0.0000,
-0.0022,
0.0000,
-0.0040,
0.0000,
-0.0040,
0.0000,
-0.0025,
0.0000,
-0.0004,
0.0000,
0.0015,
0.0000,
0.0025,
0.0000,
0.0023,
0.0000,
0.0013,
0.0000,
0.0001,
0.0000,
-0.0010,
0.0000,
-0.0015,
0.0000,
-0.0013,
0.0000,
-0.0007,
0.0000,
0.0000,
0.0000,
0.0007,
0.0000,
0.0009,
0.0000,
0.0008,
0.0000,
0.0004,
0.0000,
-0.0001,
0.0000,
-0.0004,
0.0000,
-0.0005,
0.0000,
-0.0004,
0.0000,
-0.0002,
0.0000,
0.0001,
0.0000,
0.0003,
0.0000,
0.0003,
0.0000,
0.0002,
0.0000,
0.0001,
0.0000,
-0.0001,
0.0000,
-0.0002,
0.0000,
-0.0002,
0.0000,
-0.0001,
0.0000,
-0.0000,
0.0000,
0.0000,
0.0000,
0.0001,
0.0000,
0.0001,
0.0000,
0.0001,
0.0000,
0.0000,
0.0000,
-0.0000,
0.0000,
-0.0001,
0.0000,
-0.0001,
0.0000,
-0.0000,
0.0000,
-0.0000,
0.0000,
0.0000,
0.0000,
0.0000,
0.0000,
0.0000,
0.0000,
0.0000,
0.0000,
0.0000,
0.0000,
-0.0000,
0.0000,
-0.0000,
0.0000,
-0.0000,
0.0000,
-0.0000,
0.0000,
0.0000,
0.0000,
0.0000,
0.0000,
0.0000,
0.0000,
0.0000,
0.0000,
0.0000,
0.0000,
-0.0000,
0.0000,
-0.0000,
0.0000,
-0.0000,
0.0000,
-0.0000,
0.0000,
-0.0000,
0.0000,
0.0000,
0.0000,
0.0000,
0.0000,
0.0000,
0.0000,
0.0000,
0.0000,
0.0000,
0.0000,
-0.0000,
0.0000,
-0.0000,
0.0000,
-0.0000,
0.0000,
-0.0000,
0.0000,
-0.0000,
0.0000,
0.0000,
0.0000,
0.0000,
0.0000,
0.0000,
0.0000,
0.0000,
0.0000,
0.0000,
0.0000,
-0.0000,
0.0000,
-0.0000,
0.0000,
-0.0000,
0.0000,
-0.0000,
0.0000,
-0.0000,
0.0000,
0.0000,
0.0000,
0.0000,
0.0000,
0.0000,
0.0000,
0.0000,
0.0000,
0.0000,
0.0000,
-0.0000,
0.0000,
-0.0000,
0.0000,
-0.0000,
0.0000,
-0.0000,
0.0000,
-0.0000,
0.0000,
0.0000,
0.0000,
0.0000,
0.0000,
0.0000,
0.0000,
0.0000,
0.0000,
-0.0000,
0.0000,
-0.0000,
0.0000,
-0.0000,
0.0000,
-0.0000,
0.0000,
-0.0000,
0.0000,
0.0000,
0.0000,
0.0000,
0.0000,
0.0000,
0.0000,
0.0000,
0.0000,
0.0000,
0.0000,
-0.0000,
0.0000,
-0.0000,
0.0000,
-0.0000,
0.0000,
-0.0000,
0.0000,
-0.0000,
0.0000,
0.0000,
0.0000,
0.0000,
0.0000,
0.0000,
0.0000,
0.0000,
0.0000,
0.0000,
0.0000,
-0.0000,
0.0000,
-0.0000,
0.0000,
-0.0000,
0.0000,
-0.0000,
0.0000,
-0.0000,
0.0000,
0.0000,
0.0000,
0.0000,
0.0000,
0.0000,
0.0000,
0.0000,
0.0000,
0.0000,
0.0000,
-0.0000,
0.0000,
-0.0000,
0.0000,
-0.0000,
0.0000,
-0.0000,
0.0000,
-0.0000,
0.0000,
0.0000,
0.0000,
0.0000,
0.0000,
0.0000,
0.0000,
0.0000,
0.0000,
-0.0000,
0.0000,
-0.0000,
0.0000,
-0.0000,
0.0000,
-0.0000,
0.0000,
-0.0000,
0.0000,
0.0000,
0.0000,
0.0000,
0.0000,
0.0000,
0.0000,
0.0000,
0.0000,
0.0000,
0.0000,
-0.0000,
0.0000,
-0.0000,
0.0000,
-0.0000,
0.0000,
-0.0000,
0.0000,
-0.0000,
0.0000,
0.0000,
0.0000,
0.0000,
0.0000,
0.0000,
0.0000,
0.0000,
0.0000,
0.0000,
0.0000,
-0.0000,
0.0000,
-0.0000,
0.0000,
-0.0000,
0.0000,
-0.0000,
0.0000,
-0.0000,
0.0000,
0.0000,
0.0000,
0.0000,
0.0000,
0.0000,
0.0000,
0.0000,
0.0000,
0.0000,
0.0000,
-0.0000,
0.0000,
-0.0000,
0.0000,
-0.0000,
0.0000,
-0.0000,
0.0000,
-0.0000,
0.0000,
0.0000,
0.0000,
0.0000,
0.0000,
0.0000,
0.0000,
0.0000,
0.0000,
0.0000,
0.0000,
-0.0000,
0.0000,
-0.0000,
0.0000,
-0.0000,
0.0000,
-0.0000,
0.0000,
0.0000,
0.0000,
0.0000,
0.0000,
0.0000,
0.0000,
0.0000,
0.0000,
0.0000,
0.0000,
-0.0000,
0.0000,
-0.0000,
0.0000,
-0.0000,
0.0000,
-0.0000,
0.0000,
-0.0000,
0.0000,
0.0000,
0.0000,
0.0000,
0.0000,
0.0000,
0.0000,
0.0000,
0.0000,
0.0000,
0.0000,
-0.0000,
0.0000,
-0.0000,
0.0000,
-0.0000,
0.0000,
-0.0000,
0.0000,
-0.0000,
0.0000,
0.0000,
0.0000,
0.0000,
0.0000,
0.0000,
0.0000,
0.0000,
0.0000,
0.0000,
0.0000,
-0.0000,
0.0000,
-0.0000,
0.0000,
-0.0000,
0.0000,
-0.0000,
0.0000,
-0.0000,
0.0000,
0.0000,
0.0000,
0.0000,

C:\Users\Marija\source\repos\Project4\Debug\Project4.exe (process 4216) exited with code 0.
To automatically close the console when debugging stops, enable Tools->Options->Debugging->Automatically close the console when debugging stops.
Press any key to close this window . . .
