Step odziv IIR filtra:
0.0000,
0.0000,
0.0000,
0.0000,
0.0000,
1.0000,
1.0000,
0.8400,
0.8400,
1.1117,
1.1117,
0.8874,
0.8874,
0.6476,
0.6476,
0.4203,
0.4203,
0.2593,
0.2593,
0.2546,
0.2546,
0.3473,
0.3473,
0.5004,
0.5004,
0.6402,
0.6402,
0.7181,
0.7181,
0.7181,
0.7181,
0.6538,
0.6538,
0.5621,
0.5621,
0.4816,
0.4816,
0.4402,
0.4402,
0.4457,
0.4457,
0.4872,
0.4872,
0.5425,
0.5425,
0.5885,
0.5885,
0.6099,
0.6099,
0.6036,
0.6036,
0.5770,
0.5770,
0.5440,
0.5440,
0.5179,
0.5179,
0.5071,
0.5071,
0.5126,
0.5126,
0.5294,
0.5294,
0.5490,
0.5490,
0.5637,
0.5637,
0.5690,
0.5690,
0.5647,
0.5647,
0.5542,
0.5542,
0.5426,
0.5426,
0.5344,
0.5344,
0.5319,
0.5319,
0.5351,
0.5351,
0.5416,
0.5416,
0.5484,
0.5484,
0.5530,
0.5530,
0.5540,
0.5540,
0.5518,
0.5518,
0.5478,
0.5478,
0.5438,
0.5438,
0.5413,
0.5413,
0.5409,
0.5409,
0.5424,
0.5424,
0.5449,
0.5449,
0.5472,
0.5472,
0.5486,
0.5486,
0.5486,
0.5486,
0.5476,
0.5476,
0.5461,
0.5461,
0.5448,
0.5448,
0.5441,
0.5441,
0.5441,
0.5441,
0.5448,
0.5448,
0.5457,
0.5457,
0.5464,
0.5464,
0.5468,
0.5468,
0.5467,
0.5467,
0.5463,
0.5463,
0.5458,
0.5458,
0.5453,
0.5453,
0.5451,
0.5451,
0.5452,
0.5452,
0.5455,
0.5455,
0.5458,
0.5458,
0.5461,
0.5461,
0.5462,
0.5462,
0.5461,
0.5461,
0.5459,
0.5459,
0.5457,
0.5457,
0.5456,
0.5456,
0.5456,
0.5456,
0.5456,
0.5456,
0.5457,
0.5457,
0.5458,
0.5458,
0.5459,
0.5459,
0.5459,
0.5459,
0.5459,
0.5459,
0.5458,
0.5458,
0.5457,
0.5457,
0.5457,
0.5457,
0.5457,
0.5457,
0.5457,
0.5457,
0.5458,
0.5458,
0.5458,
0.5458,
0.5458,
0.5458,
0.5458,
0.5458,
0.5458,
0.5458,
0.5458,
0.5458,
0.5458,
0.5458,
0.5457,
0.5457,
0.5457,
0.5457,
0.5458,
0.5458,
0.5458,
0.5458,
0.5458,
0.5458,
0.5458,
0.5458,
0.5458,
0.5458,
0.5458,
0.5458,
0.5458,
0.5458,
0.5458,
0.5458,
0.5458,
0.5458,
0.5458,
0.5458,
0.5458,
0.5458,
0.5458,
0.5458,
0.5458,
0.5458,
0.5458,
0.5458,
0.5458,
0.5458,
0.5458,
0.5458,
0.5458,
0.5458,
0.5458,
0.5458,
0.5458,
0.5458,
0.5458,
0.5458,
0.5458,
0.5458,
0.5458,
0.5458,
0.5458,
0.5458,
0.5458,
0.5458,
0.5458,
0.5458,
0.5458,
0.5458,
0.5458,
0.5458,
0.5458,
0.5458,
0.5458,
0.5458,
0.5458,
0.5458,
0.5458,
0.5458,
0.5458,
0.5458,
0.5458,
0.5458,
0.5458,
0.5458,
0.5458,
0.5458,
0.5458,
0.5458,
0.5458,
0.5458,
0.5458,
0.5458,
0.5458,
0.5458,
0.5458,
0.5458,
0.5458,
0.5458,
0.5458,
0.5458,
0.5458,
0.5458,
0.5458,
0.5458,
0.5458,
0.5458,
0.5458,
0.5458,
0.5458,
0.5458,
0.5458,
0.5458,
0.5458,
0.5458,
0.5458,
0.5458,
0.5458,
0.5458,
0.5458,
0.5458,
0.5458,
0.5458,
0.5458,
0.5458,
0.5458,
0.5458,
0.5458,
0.5458,
0.5458,
0.5458,
0.5458,
0.5458,
0.5458,
0.5458,
0.5458,
0.5458,
0.5458,
0.5458,
0.5458,
0.5458,
0.5458,
0.5458,
0.5458,
0.5458,
0.5458,
0.5458,
0.5458,
0.5458,
0.5458,
0.5458,
0.5458,
0.5458,
0.5458,
0.5458,
0.5458,
0.5458,
0.5458,
0.5458,
0.5458,
0.5458,
0.5458,
0.5458,
0.5458,
0.5458,
0.5458,
0.5458,
0.5458,
0.5458,
0.5458,
0.5458,
0.5458,
0.5458,
0.5458,
0.5458,
0.5458,
0.5458,
0.5458,
0.5458,
0.5458,
0.5458,
0.5458,
0.5458,
0.5458,
0.5458,
0.5458,
0.5458,
0.5458,
0.5458,
0.5458,
0.5458,
0.5458,
0.5458,
0.5458,
0.5458,
0.5458,
0.5458,
0.5458,
0.5458,
0.5458,
0.5458,
0.5458,
0.5458,
0.5458,
0.5458,
0.5458,
0.5458,
0.5458,
0.5458,
0.5458,
0.5458,
0.5458,
0.5458,
0.5458,
0.5458,
0.5458,
0.5458,
0.5458,
0.5458,
0.5458,
0.5458,
0.5458,
0.5458,
0.5458,
0.5458,
0.5458,
0.5458,
0.5458,
0.5458,
0.5458,
0.5458,
0.5458,
0.5458,
0.5458,
0.5458,
0.5458,
0.5458,
0.5458,
0.5458,
0.5458,
0.5458,
0.5458,
0.5458,
0.5458,
0.5458,
0.5458,
0.5458,
0.5458,
0.5458,
0.5458,
0.5458,
0.5458,
0.5458,
0.5458,
0.5458,
0.5458,
0.5458,
0.5458,
0.5458,
0.5458,
0.5458,
0.5458,
0.5458,
0.5458,
0.5458,
0.5458,
0.5458,
0.5458,
0.5458,
0.5458,
0.5458,
0.5458,
0.5458,
0.5458,
0.5458,
0.5458,
0.5458,
0.5458,
0.5458,
0.5458,
0.5458,
0.5458,
0.5458,
0.5458,
0.5458,
0.5458,
0.5458,
0.5458,
0.5458,
0.5458,
0.5458,
0.5458,
0.5458,
0.5458,
0.5458,
0.5458,
0.5458,
0.5458,
0.5458,
0.5458,
0.5458,
0.5458,
0.5458,
0.5458,
0.5458,
0.5458,
0.5458,
0.5458,
0.5458,
0.5458,
0.5458,
0.5458,
0.5458,
0.5458,
0.5458,
0.5458,
0.5458,
0.5458,
0.5458,
0.5458,
0.5458,
0.5458,
0.5458,
0.5458,
0.5458,
0.5458,
0.5458,
0.5458,
0.5458,
0.5458,
0.5458,
0.5458,

C:\Users\Marija\source\repos\Project1\Debug\Project1.exe (process 4868) exited with code 0.
To automatically close the console when debugging stops, enable Tools->Options->Debugging->Automatically close the console when debugging stops.
Press any key to close this window . . .
