Odziv na step FIR filtra:
0.0000,
0.0000,
0.0000,
0.0000,
0.0000,
1.0000,
1.0000,
0.8400,
0.8400,
1.1117,
1.1117,
0.8873,
0.8873,
0.6475,
0.6475,
0.4201,
0.4201,
0.2591,
0.2591,
0.2544,
0.2544,
0.3472,
0.3472,
0.5003,
0.5003,
0.6402,
0.6402,
0.7181,
0.7181,
0.7180,
0.7180,
0.6537,
0.6537,
0.5619,
0.5619,
0.4814,
0.4814,
0.4400,
0.4400,
0.4456,
0.4456,
0.4871,
0.4871,
0.5424,
0.5424,
0.5884,
0.5884,
0.6098,
0.6098,
0.6034,
0.6034,
0.5768,
0.5768,
0.5437,
0.5437,
0.5176,
0.5176,
0.5068,
0.5068,
0.5124,
0.5124,
0.5292,
0.5292,
0.5489,
0.5489,
0.5636,
0.5636,
0.5689,
0.5689,
0.5646,
0.5646,
0.5541,
0.5541,
0.5425,
0.5425,
0.5343,
0.5343,
0.5319,
0.5319,
0.5351,
0.5351,
0.5416,
0.5416,
0.5484,
0.5484,
0.5530,
0.5530,
0.5540,
0.5540,
0.5518,
0.5518,
0.5478,
0.5478,
0.5438,
0.5438,
0.5413,
0.5413,
0.5409,
0.5409,
0.5424,
0.5424,
0.5424,
0.5424,
0.5424,
0.5424,
-0.4576,
-0.4576,
-0.2976,
-0.2976,
-0.5693,
-0.5693,
-0.3449,
-0.3449,
-0.1051,
-0.1051,
0.1223,
0.1223,
0.2833,
0.2833,
0.2880,
0.2880,
0.1952,
0.1952,
0.0421,
0.0421,
-0.0978,
-0.0978,
-0.1757,
-0.1757,
-0.1756,
-0.1756,
-0.1113,
-0.1113,
-0.0195,
-0.0195,
0.0610,
0.0610,
0.1024,
0.1024,
0.0968,
0.0968,
0.0553,
0.0553,
0.0000,
0.0000,
-0.0460,
-0.0460,
-0.0674,
-0.0674,
-0.0610,
-0.0610,
-0.0344,
-0.0344,
-0.0013,
-0.0013,
0.0248,
0.0248,
0.0356,
0.0356,
0.0300,
0.0300,
0.0132,
0.0132,
-0.0065,
-0.0065,
-0.0212,
-0.0212,
-0.0265,
-0.0265,
-0.0222,
-0.0222,
-0.0117,
-0.0117,
-0.0001,
-0.0001,
0.0081,
0.0081,
0.0105,
0.0105,
0.0073,
0.0073,
0.0008,
0.0008,
-0.0060,
-0.0060,
-0.0106,
-0.0106,
-0.0116,
-0.0116,
-0.0094,
-0.0094,
-0.0054,
-0.0054,
-0.0014,
-0.0014,
0.0011,
0.0011,
0.0015,
0.0015,
0.0000,
0.0000,
0.0000,
0.0000,
0.0000,
0.0000,
0.0000,
0.0000,
0.0000,
0.0000,
0.0000,
0.0000,
0.0000,
0.0000,
0.0000,
0.0000,
0.0000,
0.0000,
0.0000,
0.0000,
0.0000,
0.0000,
0.0000,
0.0000,
0.0000,
0.0000,
0.0000,
0.0000,
0.0000,
0.0000,
0.0000,
0.0000,
0.0000,
0.0000,
0.0000,
0.0000,
0.0000,
0.0000,
0.0000,
0.0000,
0.0000,
0.0000,
0.0000,
0.0000,
0.0000,
0.0000,
0.0000,
0.0000,
0.0000,
0.0000,
0.0000,
0.0000,
0.0000,
0.0000,
0.0000,
0.0000,
0.0000,
0.0000,
0.0000,
0.0000,
0.0000,
0.0000,
0.0000,
0.0000,
0.0000,
0.0000,
0.0000,
0.0000,
0.0000,
0.0000,
0.0000,
0.0000,
0.0000,
0.0000,
0.0000,
0.0000,
0.0000,
0.0000,
0.0000,
0.0000,
0.0000,
0.0000,
0.0000,
0.0000,
0.0000,
0.0000,
0.0000,
0.0000,
0.0000,
0.0000,
0.0000,
0.0000,
0.0000,
0.0000,
0.0000,
0.0000,
0.0000,
0.0000,
0.0000,
0.0000,
0.0000,
0.0000,
0.0000,
0.0000,
0.0000,
0.0000,
0.0000,
0.0000,
0.0000,
0.0000,
0.0000,
0.0000,
0.0000,
0.0000,
0.0000,
0.0000,
0.0000,
0.0000,
0.0000,
0.0000,
0.0000,
0.0000,
0.0000,
0.0000,
0.0000,
0.0000,
0.0000,
0.0000,
0.0000,
0.0000,
0.0000,
0.0000,
0.0000,
0.0000,
0.0000,
0.0000,
0.0000,
0.0000,
0.0000,
0.0000,
0.0000,
0.0000,
0.0000,
0.0000,
0.0000,
0.0000,
0.0000,
0.0000,
0.0000,
0.0000,
0.0000,
0.0000,
0.0000,
0.0000,
0.0000,
0.0000,
0.0000,
0.0000,
0.0000,
0.0000,
0.0000,
0.0000,
0.0000,
0.0000,
0.0000,
0.0000,
0.0000,
0.0000,
0.0000,
0.0000,
0.0000,
0.0000,
0.0000,
0.0000,
0.0000,
0.0000,
0.0000,
0.0000,
0.0000,
0.0000,
0.0000,
0.0000,
0.0000,
0.0000,
0.0000,
0.0000,
0.0000,
0.0000,
0.0000,
0.0000,
0.0000,
0.0000,
0.0000,
0.0000,
0.0000,
0.0000,
0.0000,
0.0000,
0.0000,
0.0000,
0.0000,
0.0000,
0.0000,
0.0000,
0.0000,
0.0000,
0.0000,
0.0000,
0.0000,
0.0000,
0.0000,
0.0000,
0.0000,
0.0000,
0.0000,
0.0000,
0.0000,
0.0000,
0.0000,
0.0000,
0.0000,
0.0000,
0.0000,
0.0000,
0.0000,
0.0000,
0.0000,
0.0000,
0.0000,
0.0000,
0.0000,
0.0000,
0.0000,
0.0000,
0.0000,
0.0000,
0.0000,
0.0000,
0.0000,
0.0000,
0.0000,
0.0000,
0.0000,
0.0000,
0.0000,
0.0000,
0.0000,
0.0000,
0.0000,
0.0000,
0.0000,
0.0000,
0.0000,
0.0000,
0.0000,
0.0000,
0.0000,
0.0000,
0.0000,
0.0000,
0.0000,
0.0000,
0.0000,
0.0000,
0.0000,
0.0000,
0.0000,
0.0000,
0.0000,
0.0000,
0.0000,
0.0000,
0.0000,
0.0000,
0.0000,
0.0000,
0.0000,
0.0000,
0.0000,
0.0000,
0.0000,
0.0000,
0.0000,
0.0000,
0.0000,
0.0000,
0.0000,
0.0000,
0.0000,
0.0000,
0.0000,
0.0000,
0.0000,
0.0000,
0.0000,
0.0000,
0.0000,
0.0000,
0.0000,
0.0000,
0.0000,
0.0000,
0.0000,
0.0000,
0.0000,
0.0000,
0.0000,
0.0000,
0.0000,
0.0000,
0.0000,
0.0000,
0.0000,

C:\Users\Marija\source\repos\Project5\Debug\Project5.exe (process 12716) exited with code 0.
Press any key to close this window . . .
